
% sub199sunda	first trial								
re_run1_sub1_onset= [	66.441426	215.767203	342.896812	479.528026	];				
re_run2_sub1_onset= [	69.409269	202.984683	341.221638	486.434008	];				
re_run3_sub1_onset= [	76.219954	210.208991	337.800636	477.4085	];				
re_run4_sub1_onset= [	74.904249	210.68226	343.82389	478.106569	];				
re_run5_sub1_onset= [	69.367175	207.977484	338.428148	471.020432	];				
									
									
nore_run1_sub1_onset= [	2.578534	143.767273	282.78496	410.328834	];				
nore_run2_sub1_onset= [	2.576942	134.025901	272.11218	411.685598	];				
nore_run3_sub1_onset= [	2.576059	139.934579	274.059154	405.805748	];				
nore_run4_sub1_onset= [	2.576612	146.741769	275.708614	407.799784	];				
nore_run5_sub1_onset= [	2.577264	141.629161	273.652999	405.440097	];	

									
cue_run1_sub1_onset= [	0.078534	63.941426	141.267273	213.267203	280.28496	340.396812	407.828834	477.028026	];
cue_run2_sub1_onset= [	0.076942	66.909269	131.525901	200.484683	269.61218	338.721638	409.185598	483.934008	];
cue_run3_sub1_onset= [	0.076059	73.719954	137.434579	207.708991	271.559154	335.300636	403.305748	474.9085	];
cue_run4_sub1_onset= [	0.076612	72.404249	144.241769	208.18226	273.208614	341.32389	405.299784	475.606569	];
cue_run5_sub1_onset= [	0.077264	66.867175	139.129161	205.477484	271.152999	335.928148	402.940097	468.520432	];






% sub01Yangjingfei									
re_run1_sub2_onset= [	2.646059	143.89483	282.774431	409.852995	];				
re_run2_sub2_onset= [	2.587582	134.547058	272.807108	412.521173	];				
re_run3_sub2_onset= [	2.588089	140.071858	273.936026	405.969474	];				
re_run4_sub2_onset= [	2.591751	146.5672	275.57111	407.613726	];				
re_run5_sub2_onset= [	2.587966	141.716048	273.98444	405.771158	];				
									
									
nore_run1_sub2_onset= [	66.515696	215.856408	342.736783	478.874175	];				
nore_run2_sub2_onset= [	69.928066	203.547671	342.033386	487.296303	];				
nore_run3_sub2_onset= [	76.26582	210.242587	337.975959	477.66055	];				
nore_run4_sub2_onset= [	74.871892	210.641635	343.587781	478.027729	];				
nore_run5_sub2_onset= [	69.595011	208.373011	338.859614	471.22963	];				
									
cue_run1_sub2_onset= [	0.146059	64.015696	141.39483	213.356408	280.274431	340.236783	407.352995	476.374175	];
cue_run2_sub2_onset= [	0.087582	67.428066	132.047058	201.047671	270.307108	339.533386	410.021173	484.796303	];
cue_run3_sub2_onset= [	0.088089	73.76582	137.571858	207.742587	271.436026	335.475959	403.469474	475.16055	];
cue_run4_sub2_onset= [	0.091751	72.371892	144.0672	208.141635	273.07111	341.087781	405.113726	475.527729	];
cue_run5_sub2_onset= [	0.087966	67.095011	139.216048	205.873011	271.48444	336.359614	403.271158	468.72963	];

						
									
% sub02									
re_run1_sub3_onset= [	2.589838	134.976409	273.335153	408.636556	];				
re_run2_sub3_onset= [	2.587081	134.989701	269.083222	408.904655	];				
re_run3_sub3_onset= [	2.588711	234.471487	377.265064	514.937822	];				
re_run4_sub3_onset= [	2.593939	141.409647	264.663647	397.501118	];				
re_run5_sub3_onset= [	2.588439	134.132348	272.058411	410.44776	];				
									
									
nore_run1_sub3_onset= [	72.86703	210.232797	343.184095	478.488766	];				
nore_run2_sub3_onset= [	69.228963	198.280979	341.702675	476.769348	];				
nore_run3_sub3_onset= [	67.482442	309.543094	450.480788		];				
nore_run4_sub3_onset= [	68.216094	205.363841	332.741611	464.441244	];				
nore_run5_sub3_onset= [	68.747174	206.001868	340.689193	477.656426	];				
									
cue_run1_sub3_onset= [	0.089838	70.36703	132.476409	207.732797	270.835153	340.684095	406.136556	475.988766	];
cue_run2_sub3_onset= [	0.087081	66.728963	132.489701	195.780979	266.583222	339.202675	406.404655	474.269348	];
cue_run3_sub3_onset= [	0.088711	64.982442	231.971487	307.043094	374.765064	447.980788	512.437822		];
cue_run4_sub3_onset= [	0.093939	65.716094	138.909647	202.863841	262.163647	330.241611	395.001118	461.941244	];
cue_run5_sub3_onset= [	0.088439	66.247174	131.632348	203.501868	269.558411	338.189193	407.94776	475.156426	];

								
									
% sub03									
re_run1_sub4_onset= [	2.646661	143.801129	282.562328	409.547357	];				
re_run2_sub4_onset= [	2.59074	134.392754	272.718949	412.437466	];				
re_run3_sub4_onset= [	2.591903	140.035627	273.980886	406.041401	];				
re_run4_sub4_onset= [	2.589591	146.635733	275.441957	407.321409	];				
re_run5_sub4_onset= [	2.597835	141.532665	273.560052	405.152627	];				
									
									
nore_run1_sub4_onset= [	66.426989	215.782525	342.365225	478.788946	];				
nore_run2_sub4_onset= [	69.831025	203.465042	341.906633	487.333915	];				
nore_run3_sub4_onset= [	76.292172	210.222649	337.950444	477.574407	];				
nore_run4_sub4_onset= [	74.815942	210.455227	343.312227	477.521488	];				
nore_run5_sub4_onset= [	69.364384	207.976957	338.157997	470.517465	];				
									
cue_run1_sub4_onset= [	0.146661	63.926989	141.301129	213.282525	280.062328	339.865225	407.047357	476.288946	];
cue_run2_sub4_onset= [	0.09074	67.331025	131.892754	200.965042	270.218949	339.406633	409.937466	484.833915	];
cue_run3_sub4_onset= [	0.091903	73.792172	137.535627	207.722649	271.480886	335.450444	403.541401	475.074407	];
cue_run4_sub4_onset= [	0.089591	72.315942	144.135733	207.955227	272.941957	340.812227	404.821409	475.021488	];
cue_run5_sub4_onset= [	0.097835	66.864384	139.032665	205.476957	271.060052	335.657997	402.652627	468.017465	];



									
% sub04									
re_run1_sub5_onset= [	2.590968	143.840164	282.774583	410.04013	];				
re_run2_sub5_onset= [	2.591856	134.510206	272.757253	412.525208	];				
re_run3_sub5_onset= [	2.589783	140.068595	273.934975	405.89816	];				
re_run4_sub5_onset= [	2.586573	146.671392	275.571124	407.513263	];				
re_run5_sub5_onset= [	2.589167	141.824369	273.769551	405.4739	];				
									
									
nore_run1_sub5_onset= [	66.427874	215.8016	342.822193	479.197458	];				
nore_run2_sub5_onset= [	69.978088	203.472296	341.955188	487.255671	];				
nore_run3_sub5_onset= [	76.310071	210.186299	337.984659	477.487909	];				
nore_run4_sub5_onset= [	74.797745	210.631642	343.491855	477.903201	];				
nore_run5_sub5_onset= [	69.620841	208.306426	338.630349	471.060828	];				
									
cue_run1_sub5_onset= [	0.090968	63.927874	141.340164	213.3016	280.274583	340.322193	407.54013	476.697458	];
cue_run2_sub5_onset= [	0.091856	67.478088	132.010206	200.972296	270.257253	339.455188	410.025208	484.755671	];
cue_run3_sub5_onset= [	0.089783	73.810071	137.568595	207.686299	271.434975	335.484659	403.39816	474.987909	];
cue_run4_sub5_onset= [	0.086573	72.297745	144.171392	208.131642	273.071124	340.991855	405.013263	475.403201	];
cue_run5_sub5_onset= [	0.089167	67.120841	139.324369	205.806426	271.269551	336.130349	402.9739	468.560828	];
									
									
% sub05									
re_run1_sub6_onset= [	2.592892	143.478217	282.476702	409.582673	];				
re_run2_sub6_onset= [	2.587033	134.457991	272.710612	412.532512	];				
re_run3_sub6_onset= [	2.587068	139.995745	273.943402	406.016064	];				
re_run4_sub6_onset= [	2.586085	146.642057	275.724371	407.588461	];				
re_run5_sub6_onset= [	2.58711	141.763024	273.939078	405.813357	];				
									
									
nore_run1_sub6_onset= [	66.039648	215.389929	342.458191	478.724202	];				
nore_run2_sub6_onset= [	69.805866	203.460608	341.888258	487.490029	];				
nore_run3_sub6_onset= [	76.269452	210.163327	338.001688	477.538753	];				
nore_run4_sub6_onset= [	74.879422	210.585715	343.698832	478.028066	];				
nore_run5_sub6_onset= [	69.643557	208.368082	338.881522	471.454854	];				
									
cue_run1_sub6_onset= [	0.092892	63.539648	140.978217	212.889929	279.976702	339.958191	407.082673	476.224202	];
cue_run2_sub6_onset= [	0.087033	67.305866	131.957991	200.960608	270.210612	339.388258	410.032512	484.990029	];
cue_run3_sub6_onset= [	0.087068	73.769452	137.495745	207.663327	271.443402	335.501688	403.516064	475.038753	];
