%RMIS01_SunDa
feedback_run1_sub1_onset= [	46.86901083	124.2193036	196.2336044	263.239952	323.2179882	390.7810538	460.0039844	525.6788887	];
feedback_run2_sub1_onset= [	49.74276825	114.4992914	183.3694789	252.584088	321.5900695	392.220898	466.7821724	524.7135632	];
feedback_run3_sub1_onset= [	56.58101934	120.3552471	190.7055851	254.4966842	318.125378	386.3973232	457.7553742	525.2177126	];
feedback_run4_sub1_onset= [	55.22912453	127.178513	191.0265048	256.1151076	324.1981851	388.2924535	458.4833174	525.513345	];
feedback_run5_sub1_onset= [	49.68060001	121.9233975	188.3272074	254.2319797	318.846479	385.9249885	451.4222325	524.9853498	];


% sub01Yangjingfei									
									
feedback_run1_sub2_onset= [	47.0134478	124.4284329	196.651342	263.3705238	323.2096371	390.3046946	459.2960778	525.3109121	];
feedback_run2_sub2_onset= [	50.38955833	114.9965583	183.9397067	253.3147116	322.4738262	393.0007276	467.6670242	525.5590108	];
feedback_run3_sub2_onset= [	56.56798828	120.6364398	190.6356161	254.6744865	318.2978515	386.4488207	458.0799237	525.5268452	];
feedback_run4_sub2_onset= [	55.22070469	126.9637867	191.002473	256.0496161	323.9814106	387.9920758	458.3425119	525.494112	];
feedback_run5_sub2_onset= [	49.92959164	122.3634725	188.6695965	254.4817947	319.3289	386.3198934	451.6367905	525.1841286	];
									
									
% sub02									
									
feedback_run1_sub3_onset= [	53.29272278	115.4198574	190.682872	253.8339898	323.6970604	389.0560334	458.9750609	525.4145316	];
feedback_run2_sub3_onset= [	49.69257134	115.4116998	178.827069	249.6499167	322.1769476	389.3120849	457.3112221	525.3823267	];
feedback_run3_sub3_onset= [	47.98081901	215.090578	290.0095318	357.6968793	430.9997782	495.4067144	561.4062624		];
feedback_run4_sub3_onset= [	48.53363038	121.8125544	185.7040682	245.0587971	313.1159137	378.1206046	444.8959364	525.3670712	];
feedback_run5_sub3_onset= [	49.20457937	114.4599845	186.3557693	252.6176194	321.1047003	390.8566854	458.1108672	525.2062631	];
									
									
% sub03									
									
feedback_run1_sub4_onset= [	46.71139435	124.1739717	196.0838224	262.9135588	322.8361278	389.9721687	459.2034283	525.0907394	];
feedback_run2_sub4_onset= [	50.20578161	114.8055923	183.8610267	253.3243268	322.219805	393.5638047	467.6419509	525.6111147	];
feedback_run3_sub4_onset= [	56.60569693	120.5093788	190.6211755	254.4284631	318.3402158	386.4195147	458.0590319	525.4986667	];
feedback_run4_sub4_onset= [	55.09745183	127.0847128	190.8130697	255.7860708	323.7017031	387.7636046	457.8104235	524.8565465	];
feedback_run5_sub4_onset= [	49.65678041	122.0843828	188.2818625	254.0597102	318.7955979	385.7151291	450.884547	524.4991655	];
									
									
% sub04									
									
feedback_run1_sub5_onset= [	46.78165122	124.218156	196.1446909	263.2603956	323.2759317	389.933459	459.6115997	525.4122089	];
feedback_run2_sub5_onset= [	50.3971168	115.0286072	183.9244013	253.2679932	322.3638544	392.9876623	467.7470003	525.5068207	];
feedback_run3_sub5_onset= [	56.66997531	120.5893617	190.5813868	254.3572239	318.4365627	386.324357	457.9317727	525.2437783	];
feedback_run4_sub5_onset= [	55.20563847	127.1811204	191.0208851	256.0367241	323.9561382	387.8759911	458.3317916	525.2675777	];
feedback_run5_sub5_onset= [	49.96548483	122.3491089	188.7647153	254.2366821	319.1241492	385.9479185	451.4673947	525.8031431	];
									
									
% sub05									
feedback_run1_sub6_onset= [	46.56579478	123.949348	195.9089988	262.9086902	322.8924981	390.22009	459.0999872	525.051402	];
feedback_run2_sub6_onset= [	50.06976489	115.3010572	184.0847501	253.2843992	322.4761134	393.1878134	468.1713547	525.7472769	];
feedback_run3_sub6_onset= [	56.61382448	120.7015685	190.7170386	254.4769525	318.508472	386.6522652	458.1637988	525.7875679	];
feedback_run4_sub6_onset= [	55.38162908	127.2372755	191.0049361	256.1246243	324.2124378	388.1002244	458.6836408	525.635323	];
feedback_run5_sub6_onset= [	50.06173776	122.2854223	188.829268	254.4848645	319.5404899	386.4281867	451.9878965	525.6115821	];
									
									
% sub06									
									
feedback_run1_sub7_onset= [	56.54149713	122.3484706	189.2087505	253.9214029	319.4027583	385.8802029	458.0974785	525.0720801	];
feedback_run2_sub7_onset= [	50.85672363	120.3385241	183.550283	251.4630942	316.3095007	381.1556515	453.1058569	525.1943126	];
feedback_run3_sub7_onset= [	50.41535929	122.1085165	189.9222733	253.5669917	317.370423	386.9753654	450.7229778	524.2028418	];
feedback_run4_sub7_onset= [	44.17293147	115.4148493	189.5234647	255.2531813	324.529095	393.4279555	457.8072098	524.8363074	];
feedback_run5_sub7_onset= [	48.58526235	117.4978566	184.2680056	243.9209519	310.6842087	382.5318709	459.6109432	523.1395226	];
									
									
% sub07									
									
feedback_run1_sub8_onset= [	53.3968194	115.6122397	190.6967152	253.8268627	323.5622012	388.865783	458.5690311	525.088368	];
feedback_run2_sub8_onset= [	49.61353958	115.5532877	179.0126757	249.987474	322.4436331	389.6661408	457.3457457	525.6809214	];
feedback_run3_sub8_onset= [	50.10910697	121.2353135	187.0443217	246.9113375	317.0107621	384.7299424	453.6413975	525.7926541	];
feedback_run4_sub8_onset= [	48.63740866	121.8206522	185.8423213	245.1872531	313.0746511	378.0580566	444.7854456	525.216614	];
feedback_run5_sub8_onset= [	49.17314977	114.447468	186.2598491	252.2912642	320.8583822	390.5942749	457.9372301	525.3204074	];
									
									
									
% sub08									
									
feedback_run1_sub9_onset= [	50.1815921	117.5284138	187.5083343	255.9320305	322.0830155	393.6280846	459.2338903	525.4173429	];
feedback_run2_sub9_onset= [	63.63730622	130.5251221	195.4040934	263.3552504	322.4428408	386.3381652	459.5934772	525.0088678	];
feedback_run3_sub9_onset= [	55.08466151	124.1244414	191.6354669	261.378705	321.3860888	386.9619553	458.2167853	525.2322025	];
feedback_run4_sub9_onset= [	51.42893996	118.9305246	186.3395476	258.7869244	329.5144629	392.7859911	458.6411005	525.2004564	];
feedback_run5_sub9_onset= [	49.70922155	119.4927163	184.8598819	254.4754965	317.4589201	392.602151	454.6656532	525.0089113	];
									
									
% sub09									
									
feedback_run1_sub10_onset= [	56.74878852	122.5079986	189.6273181	254.3707606	319.9622247	386.3529585	458.5932435	525.4885237	];
feedback_run2_sub10_onset= [	50.99755474	120.6130276	183.6286017	251.5340591	316.602974	381.3064154	452.9739194	525.2337363	];
feedback_run3_sub10_onset= [	50.34137657	121.9167258	190.0278458	253.774008	317.5070221	387.7625303	451.5085112	525.1608079	];
feedback_run4_sub10_onset= [	44.18377774	115.7880771	189.5883028	255.370768	324.6502571	393.6014295	458.0286085	525.2483206	];
feedback_run5_sub10_onset= [	48.78628159	118.0330447	185.1480183	245.1584173	312.2703573	384.2265373	461.697468	525.5051301	];
									
									
% sub10									
									
feedback_run1_sub11_onset= [	50.16163633	118.0923188	187.8596587	256.4507913	322.2283384	394.0895305	459.3703517	525.5842508	];
feedback_run2_sub11_onset= [	63.6929428	130.7084747	195.5397246	263.5099491	322.8186137	386.6657051	459.331585	525.5447231	];
feedback_run3_sub11_onset= [	55.18942767	124.1574473	191.8519466	261.6033212	321.6107137	387.1583804	458.5136296	525.4648616	];
feedback_run4_sub11_onset= [	51.38085301	119.1484079	186.3476248	258.9229325	329.9463196	393.0282229	459.105147	525.4700337	];
feedback_run5_sub11_onset= [	49.8448074	119.3725298	184.8994629	254.3137738	317.4021385	392.6254862	454.9449271	525.0777099	];
									
									
% sub11									
feedback_run1_sub12_onset= [	53.35851025	115.6363724	190.8433388	253.8984258	323.5857931	389.0567914	458.6784278	525.5668612	];
feedback_run2_sub12_onset= [	49.425744	114.773292	178.6865815	249.6187212	321.8937297	389.1209642	456.7345093	525.2069274	];
feedback_run3_sub12_onset= [	49.97573203	121.2999464	186.9555059	247.1622407	316.7854354	384.336327	453.1980176	525.1984986	];
