

% RMIS01 Sunda
re_run1_sub1_onset= [	63.941426	213.267203	340.396812	477.028026	];				
re_run2_sub1_onset= [	66.909269	200.484683	338.721638	483.934008	];				
re_run3_sub1_onset= [	73.719954	207.708991	335.300636	474.9085	];				
re_run4_sub1_onset= [	72.404249	208.18226	341.32389	475.606569	];				
re_run5_sub1_onset= [	66.867175	205.477484	335.928148	468.520432	];				
									
									
nore_run1_sub1_onset= [	0.078534	141.267273	280.28496	407.828834	];				
nore_run2_sub1_onset= [	0.076942	131.525901	269.61218	409.185598	];				
nore_run3_sub1_onset= [	0.076059	137.434579	271.559154	403.305748	];				
nore_run4_sub1_onset= [	0.076612	144.241769	273.208614	405.299784	];				
nore_run5_sub1_onset= [	0.077264	139.129161	271.152999	402.940097	];		


% sub01Yangjingfei									
re_run1_sub2_onset= [	0.146059	141.39483	280.274431	407.352995	];				
re_run2_sub2_onset= [	0.087582	132.047058	270.307108	410.021173	];				
re_run3_sub2_onset= [	0.088089	137.571858	271.436026	403.469474	];				
re_run4_sub2_onset= [	0.091751	144.0672	273.07111	405.113726	];				
re_run5_sub2_onset= [	0.087966	139.216048	271.48444	403.271158	];				
									
									
nore_run1_sub2_onset= [	64.015696	213.356408	340.236783	476.374175	];				
nore_run2_sub2_onset= [	67.428066	201.047671	339.533386	484.796303	];				
nore_run3_sub2_onset= [	73.76582	207.742587	335.475959	475.16055	];				
nore_run4_sub2_onset= [	72.371892	208.141635	341.087781	475.527729	];				
nore_run5_sub2_onset= [	67.095011	205.873011	336.359614	468.72963	];				
									
								
									
% sub02									
re_run1_sub3_onset= [	0.089838	132.476409	270.835153	406.136556	];				
re_run2_sub3_onset= [	0.087081	132.489701	266.583222	406.404655	];				
re_run3_sub3_onset= [	0.088711	231.971487	374.765064	512.437822	];				
re_run4_sub3_onset= [	0.093939	138.909647	262.163647	395.001118	];				
re_run5_sub3_onset= [	0.088439	131.632348	269.558411	407.94776	];				
									
									
nore_run1_sub3_onset= [	70.36703	207.732797	340.684095	475.988766	];				
nore_run2_sub3_onset= [	66.728963	195.780979	339.202675	474.269348	];				
nore_run3_sub3_onset= [	64.982442	307.043094	447.980788		];				
nore_run4_sub3_onset= [	65.716094	202.863841	330.241611	461.941244	];				
nore_run5_sub3_onset= [	66.247174	203.501868	338.189193	475.156426	];				
									
									
									
% sub03									
re_run1_sub4_onset= [	0.146661	141.301129	280.062328	407.047357	];				
re_run2_sub4_onset= [	0.09074	131.892754	270.218949	409.937466	];				
re_run3_sub4_onset= [	0.091903	137.535627	271.480886	403.541401	];				
re_run4_sub4_onset= [	0.089591	144.135733	272.941957	404.821409	];				
re_run5_sub4_onset= [	0.097835	139.032665	271.060052	402.652627	];				
									
									
nore_run1_sub4_onset= [	63.926989	213.282525	339.865225	476.288946	];				
nore_run2_sub4_onset= [	67.331025	200.965042	339.406633	484.833915	];				
nore_run3_sub4_onset= [	73.792172	207.722649	335.450444	475.074407	];				
nore_run4_sub4_onset= [	72.315942	207.955227	340.812227	475.021488	];				
nore_run5_sub4_onset= [	66.864384	205.476957	335.657997	468.017465	];				
									
							
									
% sub04									
re_run1_sub5_onset= [	0.090968	141.340164	280.274583	407.54013	];				
re_run2_sub5_onset= [	0.091856	132.010206	270.257253	410.025208	];				
re_run3_sub5_onset= [	0.089783	137.568595	271.434975	403.39816	];				
re_run4_sub5_onset= [	0.086573	144.171392	273.071124	405.013263	];				
re_run5_sub5_onset= [	0.089167	139.324369	271.269551	402.9739	];				
									
									
nore_run1_sub5_onset= [	63.927874	213.3016	340.322193	476.697458	];				
nore_run2_sub5_onset= [	67.478088	200.972296	339.455188	484.755671	];				
nore_run3_sub5_onset= [	73.810071	207.686299	335.484659	474.987909	];				
nore_run4_sub5_onset= [	72.297745	208.131642	340.991855	475.403201	];				
nore_run5_sub5_onset= [	67.120841	205.806426	336.130349	468.560828	];				
									
								
									
% sub05									
re_run1_sub6_onset= [	0.092892	140.978217	279.976702	407.082673	];				
re_run2_sub6_onset= [	0.087033	131.957991	270.210612	410.032512	];				
re_run3_sub6_onset= [	0.087068	137.495745	271.443402	403.516064	];				
re_run4_sub6_onset= [	0.086085	144.142057	273.224371	405.088461	];				
re_run5_sub6_onset= [	0.08711	139.263024	271.439078	403.313357	];				
									
									
nore_run1_sub6_onset= [	63.539648	212.889929	339.958191	476.224202	];				
nore_run2_sub6_onset= [	67.305866	200.960608	339.388258	484.990029	];				
nore_run3_sub6_onset= [	73.769452	207.663327	335.501688	475.038753	];				
nore_run4_sub6_onset= [	72.379422	208.085715	341.198832	475.528066	];				
nore_run5_sub6_onset= [	67.143557	205.868082	336.381522	468.954854	];				
									
								
									
% sub06									
re_run1_sub7_onset= [	73.870609	206.306685	336.486244	475.113595	];				
re_run2_sub7_onset= [	68.088123	200.711929	333.506139	470.085254	];				
re_run3_sub7_onset= [	67.606623	207.063078	334.372955	467.864444	];				
re_run4_sub7_onset= [	61.303036	206.491007	341.649083	474.969286	];				
re_run5_sub7_onset= [	65.759551	201.339129	327.839502	476.739993	];				
									
									
nore_run1_sub7_onset= [	0.088435	139.432007	271.067011	402.992073	];				
nore_run2_sub7_onset= [	0.087599	137.458754	268.555548	398.246131	];				
nore_run3_sub7_onset= [	0.08701	139.188795	270.70999	404.155401	];				
nore_run4_sub7_onset= [	0.087881	132.557813	272.519353	410.536323	];				
nore_run5_sub7_onset= [	0.085705	134.648812	261.113659	399.635505	];				
									
							
									
% sub07									
re_run1_sub8_onset= [	0.088991	132.678512	270.860778	405.949648	];				
re_run2_sub8_onset= [	0.086895	132.781345	266.99514	406.674842	];				
re_run3_sub8_onset= [	0.08708	138.383686	264.036151	401.741591	];				
re_run4_sub8_onset= [	0.091052	138.867408	262.250798	394.864085	];				
re_run5_sub8_onset= [	0.091159	131.572669	269.338564	407.668045	];				
									
									
nore_run1_sub8_onset= [	70.453511	207.920051	340.595458	475.658156	];				
nore_run2_sub8_onset= [	66.867924	196.101573	339.547221	474.517142	];				
nore_run3_sub8_onset= [	67.138743	204.137051	333.901263	470.704205	];				
nore_run4_sub8_onset= [	65.73989	202.996422	330.139427	461.661651	];				
nore_run5_sub8_onset= [	66.277797	203.302338	337.920966	475.034057	];				
									
									
									
									
% sub08									
re_run1_sub9_onset= [	67.341859	204.497878	339.119108	476.36721	];				
re_run2_sub9_onset= [	80.719295	212.420878	339.474221	476.549228	];				
re_run3_sub9_onset= [	72.084653	208.649606	338.32853	475.206025	];				
re_run4_sub9_onset= [	68.358224	203.279957	346.520411	475.633575	];				
re_run5_sub9_onset= [	66.712967	201.862922	334.529634	471.728593	];				
									
									
nore_run1_sub9_onset= [	0.091267	134.625057	273.018924	410.824574	];				
nore_run2_sub9_onset= [	0.08987	147.590546	280.32441	403.38956	];				
nore_run3_sub9_onset= [	0.090689	141.179461	278.435576	404.016504	];				
nore_run4_sub9_onset= [	0.085752	136.120994	275.787105	409.841411	];				
nore_run5_sub9_onset= [	0.089898	136.465997	271.596287	409.63771	];				
									
								
									
% sub09									
re_run1_sub10_onset= [	73.699625	206.524803	336.911234	475.669631	];				
re_run2_sub10_onset= [	68.175407	200.700095	333.563503	470.087897	];				
re_run3_sub10_onset= [	67.494267	206.998162	334.606613	468.679834	];				
re_run4_sub10_onset= [	61.393158	206.711189	341.718405	475.19155	];				
re_run5_sub10_onset= [	66.011785	202.365595	329.365212	478.761919	];				
									
									
nore_run1_sub10_onset= [	0.088173	139.50995	271.268924	403.480933	];				
nore_run2_sub10_onset= [	0.089721	137.593238	268.68288	398.399094	];				
nore_run3_sub10_onset= [	0.087837	139.013889	270.901091	404.859226	];				
nore_run4_sub10_onset= [	0.092604	132.765639	272.439982	410.644892	];				
nore_run5_sub10_onset= [	0.164828	135.128825	262.264457	401.308917	];				
